750
1
28
522 993
760 443
836
814 521
709 934
355 973
524 101
80 525
617 105
543 615
91 88
402 401
995 409
415 461
339 262
183 661
392 341
847 162
438 735
38
837 744
982 846
26 991
701 881
740 195
912 770
94 204
755
471 470
27 289
413 256
751 243
795 15
544 394
150 620
911 927
76 930
625 891
553 894
218 577
726 130
376 800
455 716
169 511
307 674
196
703 410
568 578
408 242
937 490
137 988
200 386
513 873
458 51
817 813
801 134
236 808
562 832
960 447
872 129
757
454 494
984 259
665 481
670 44
469 721
372 581
595 590
759 710
797 796
518 571
558 564
8 249
452 956
929 153
344 20
31 686
475 155
825 115
414 612
416
263 619
436
501 198
941 632
327 977
858 231
350 622
588
856 10
624 528
104 152
745
451
337 773
248 224
608 484
903 147
72 138
125
199 763
330 853
861 118
156 12
131 119
407 662
607 698
697 345
133 482
952 566
424 422
127
67 885
915 841
705 572
866 695
932 537
114 108
297 32
366 385
769 353
862 833
957 711
227 244
499
723
383 270
583 371
290 405
897 269
411
675 947
179
182 40
838 478
65 715
580 143
336 459
157 321
810 758
96 95
852
151 188
712
241
144 653
835 93
444 99
643 285
52 49
314
146 857
756
423
373 805
437 173
166
55 71
219
288 579
803
226 102
234 238
165 252
364
124 474
318 765
714 840
113
304 368
463
457
66 215
375 47
217
22
775
637 636
251
664 6
126 492
994
816 918
628 116
684 585
609 573
216
168 160
468
123 834
806 910
654
109
820
965 495
958 172
197
887
789 503
36 582
587 916
310 974
46 990
788 782
753 949
943 18
61 996
534 879
223 545
250 657
92
260
171 465
338 774
83
128 599
567
23
779
963
206 161
30 794
325
638
706
737 434
5
939
382 273
890
630 432
953 388
286
78
720 717
277
728
547 920
487 498
818 517
651 163
9
335 781
969
828 981
281
228
87
211
287
606
13
485
921
365 426
589 117
464 280
550
246 793
802
962
648
882 871
746
158 85
731 660
90
84 97
35
645
149
546
876 967
390 359
2 529
972
275
497
0 343
576
3
331 428
559
302
472
271 919
265
799
557
509
689 681
201
724
189
928 57
139
761
479
50
563 266
300
89
924
889
950
898 901
294
103
945 985
549
508
539
406
446
19
896
257 82
771
560
145
768
676 384
295 979
666 668
954
633 37
59 601
961 631
48
964
605
867
328
466 291
381
848
623
502
830
419 417
708
868 214
154
70
561
272
301
488
736
316
181
254
718
725
81
450
148
777
812
629
626
64 884
433
34
940 635
439
348
551
399 968
245
210
688
907
644
309
536
673 68
136
909 659
752 618
187
11
604
480
951
570
320
913
367
997
864
404
370
159
247
255
855
700 542
387
395 762
685 175
39
456
296
329
504
732
749 750
552 548
54 79
683 586
899
313
445 221
4
880
922
729
555
942
541
467
815
98
347
893
429
462
707
167
877
532
743
73
931
616
75
527 237
734
584
412
360
473
704
279
178
839
824 58
264 476
975
904 883
21
860
403 418
86 634
389
349
739
500
906
292
677
435
268
516
923
323
305
613
727
510 535
202
980 999
821
679
819
191 946
491
892 902
507
427 207
533
742
905
41
106
926
754
600 603
62
594
614
7
393
225
641
992
356
933
111
936
678
747
987
986
792
69 185
430
333
208
203
627
849
25
602
361
778
332
650
554
888
702
512 523
120
530
663
870
970
575
267
692
322 324
944
671
776
596
391
908
598 53
352
998
783 798
449 496
460
823
844
878
829
63
505
278
696 699
299
240
526
845
610
311
363 398
935
284
597
978
722
827
669
865
253 306
713
786
60
233
358
239
442
29
719
440
142
362
342
656
213
222
514
869
274
400
229
831
232
900
421
787
177
298
45
886
283
180 190
303
261
319
258
107
212
851
483
121
396
682
486
369
193
875
453
843
811
209
850
591
863
693
917
312
520
983
77
100
826
493
687
380
809
658
652
640
538
785
174
24
184
565
854
379
519
235
611
741
230
733
378
346
377
425
374
672
730
334
506
315
966
140
925
112
807
574
431
790
690
976
531
16
135
593
110
489
293
804
42
276
186
540
791
326
667
691
317
357
351
556
205
680
642
192
822
842
592
14
74
639
647
874
164
176
132
895
420
170
340
859
772
354
397
441
649
655
515
569
959
914
448
621
738
764
955
780
767
938
694
17
33
477
43
122
141
646
766
784
194
220
282
308
748
948
971
989
56
